Loading data into memory...
Loading data into memory...
Particle Data Grid Size 256
Artifitial data: 
Particle Numbers: 16777216
Particle mass: 1.000000
r, Accurate, LTFE, Sphere dr =  10 dr =  30 dr =  50 dr =  70 dr =  90 dr = 110 dr = 130 dr = 150 dr = 170 dr = 190 
Tetras: 101847558
100.000000 -6.433982e+00 -3.507410e+00  0.000000e+00  -2.500000e+01  -1.500000e+01  -1.071429e+01  -3.190356e+01  -2.610291e+01  -3.541055e+01  -3.068914e+01  -3.590218e+01  -6.742934e+01 
Tetras: 101847558
1100.000000 -8.563630e+03 -8.513676e+03  -5.299057e+03  -6.485780e+03  -7.717810e+03  -8.290172e+03  -1.022854e+04  -9.415154e+03  -9.087732e+03  -9.757936e+03  -1.042844e+04  -1.094864e+04 
Tetras: 101847558
2100.000000 -5.958510e+04 -5.949028e+04  -1.514034e+04  -5.549923e+04  -5.588900e+04  -6.237038e+04  -6.305520e+04  -6.069940e+04  -6.529107e+04  -6.339998e+04  -6.750327e+04  -6.644191e+04 
Tetras: 101847558
3100.000000 -1.916747e+05 -1.915344e+05  -1.565611e+05  -1.876597e+05  -2.060768e+05  -1.938170e+05  -2.029257e+05  -2.016536e+05  -2.063041e+05  -2.002373e+05  -2.043986e+05  -2.089833e+05 
Tetras: 101847558
4100.000000 -4.434364e+05 -4.432506e+05  -4.728212e+05  -4.496544e+05  -4.606264e+05  -4.531130e+05  -4.538482e+05  -4.776441e+05  -4.657336e+05  -4.616509e+05  -4.730406e+05  -4.729753e+05 
Tetras: 101847558
5100.000000 -8.534741e+05 -8.532435e+05  -1.028933e+06  -8.457220e+05  -8.922372e+05  -9.221471e+05  -9.037220e+05  -8.929672e+05  -9.165454e+05  -8.890830e+05  -8.975060e+05  -9.183983e+05 
Tetras: 101847558
6100.000000 -1.460392e+06 -1.460115e+06  -1.348123e+06  -1.336651e+06  -1.441393e+06  -1.487834e+06  -1.486003e+06  -1.486355e+06  -1.521819e+06  -1.491625e+06  -1.519611e+06  -1.533674e+06 
Tetras: 101847558
7100.000000 -2.302793e+06 -2.302471e+06  -2.251047e+06  -2.232843e+06  -2.204420e+06  -2.370032e+06  -2.329718e+06  -2.327122e+06  -2.352981e+06  -2.317821e+06  -2.379489e+06  -2.404935e+06 
Tetras: 101847558
8100.000000 -3.419282e+06 -3.418915e+06  -3.248485e+06  -3.585669e+06  -3.501513e+06  -3.457937e+06  -3.503127e+06  -3.470847e+06  -3.529284e+06  -3.506982e+06  -3.550661e+06  -3.551365e+06 
Tetras: 101847558
9100.000000 -4.848462e+06 -4.848050e+06  -5.375450e+06  -5.069907e+06  -5.112835e+06  -4.999503e+06  -4.958296e+06  -4.952992e+06  -5.001226e+06  -4.983435e+06  -5.013200e+06  -4.989545e+06 
Tetras: 101847558
10100.000000 -6.628938e+06 -6.628480e+06  -8.051005e+06  -7.065913e+06  -6.882293e+06  -6.873651e+06  -6.883617e+06  -6.869394e+06  -6.799304e+06  -6.774094e+06  -6.925544e+06  -6.874402e+06 
Tetras: 101847558
11100.000000 -8.799313e+06 -8.798810e+06  -8.341789e+06  -8.298233e+06  -8.890253e+06  -8.925360e+06  -8.876853e+06  -8.946524e+06  -8.918643e+06  -8.925405e+06  -8.969918e+06  -9.027355e+06 
Tetras: 101847558
12100.000000 -1.139819e+07 -1.139764e+07  -9.906571e+06  -1.100612e+07  -1.142855e+07  -1.156529e+07  -1.152552e+07  -1.155287e+07  -1.159837e+07  -1.149328e+07  -1.166814e+07  -1.166694e+07 
Tetras: 101847558
13100.000000 -1.446418e+07 -1.446358e+07  -1.481352e+07  -1.450254e+07  -1.485760e+07  -1.445690e+07  -1.472723e+07  -1.457917e+07  -1.468889e+07  -1.462417e+07  -1.469280e+07  -1.474475e+07 
Tetras: 101847558
14100.000000 -1.803587e+07 -1.803523e+07  -2.014108e+07  -1.838531e+07  -1.860257e+07  -1.839978e+07  -1.845523e+07  -1.851095e+07  -1.830672e+07  -1.831731e+07  -1.843766e+07  -1.851047e+07 
Tetras: 101847558
15100.000000 -2.215188e+07 -2.215120e+07  -2.305548e+07  -2.290476e+07  -2.241967e+07  -2.273633e+07  -2.265067e+07  -2.268290e+07  -2.248072e+07  -2.249939e+07  -2.270528e+07  -2.267769e+07 
Tetras: 101847558
16100.000000 -2.685081e+07 -2.609448e+07  -2.703777e+07  -2.688709e+07  -2.628123e+07  -2.645178e+07  -2.632737e+07  -2.614604e+07  -2.623183e+07  -2.618308e+07  -2.629345e+07  -2.636157e+07 
Tetras: 101847558
17100.000000 -3.217127e+07 -2.569730e+07  -2.378343e+07  -2.570500e+07  -2.543550e+07  -2.567250e+07  -2.575134e+07  -2.585401e+07  -2.578993e+07  -2.568063e+07  -2.576974e+07  -2.579749e+07 
Tetras: 101847558
18100.000000 -3.815184e+07 -2.464958e+07  -2.541954e+07  -2.452050e+07  -2.516959e+07  -2.475248e+07  -2.495238e+07  -2.471215e+07  -2.497033e+07  -2.475056e+07  -2.469237e+07  -2.468041e+07 
Tetras: 101847558
19100.000000 -4.483115e+07 -2.282448e+07  -2.434737e+07  -2.328943e+07  -2.339523e+07  -2.285294e+07  -2.275096e+07  -2.284526e+07  -2.297819e+07  -2.286047e+07  -2.278352e+07  -2.282916e+07 
Real data: 
Loading data into memory...
Particle Numbers: 16777216
Particle mass: 0.002033
Loading data into memory...
Particle Data Grid Size 256
r, Accurate, LTFE, Sphere dr =  10 dr =  30 dr =  50 dr =  70 dr =  90 dr = 110 dr = 130 dr = 150 dr = 170 dr = 190 
Tetras: 16344594
100.000000 -2.154225e+01  -1.830203e+02  -1.460410e+02  -1.241238e+02  -1.086235e+02  -9.663122e+01  -8.692148e+01  -7.837747e+01  -7.053464e+01  -6.440100e+01  -5.931883e+01 
Tetras: 16344594
1100.000000 -6.848487e+02  -1.939150e+01  -2.062739e+01  -2.410252e+01  -2.718739e+01  -3.060249e+01  -3.457352e+01  -4.049618e+01  -4.496153e+01  -5.164692e+01  -5.689164e+01 
Tetras: 16344594
2100.000000 -1.230929e+03  -6.187992e+01  -4.615127e+01  -3.684354e+01  -2.090089e+01  1.344399e+01  4.167698e+01  4.493292e+01  3.924830e+01  3.692663e+01  3.606797e+01 
Tetras: 16344594
3100.000000 -9.908259e+02  2.158110e+01  2.265601e+01  2.767737e+01  2.906831e+01  2.645890e+01  2.498808e+01  2.333147e+01  2.202995e+01  2.221514e+01  2.339814e+01 
Tetras: 16344594
4100.000000 -5.978425e+02  3.508422e+01  3.234368e+01  2.856574e+01  2.700164e+01  2.588246e+01  2.381933e+01  2.297129e+01  2.284869e+01  2.182550e+01  2.147820e+01 
Tetras: 16344594
5100.000000 7.073623e+00  -1.261340e+00  -3.077335e-01  7.555039e-04  4.078927e-01  5.039502e-01  5.981053e-01  8.352580e-01  1.018281e+00  1.317085e+00  1.923700e+00 
Tetras: 16344594
6100.000000 -2.573056e-01  2.611977e-01  2.126154e-01  2.486769e-01  2.687004e-01  2.824340e-01  2.552916e-01  2.463439e-01  2.477259e-01  2.278265e-01  2.068742e-01 
Tetras: 16344594
7100.000000 -1.478736e-01  0.000000e+00  6.066087e-03  9.801899e-03  9.362362e-03  9.745568e-03  7.973646e-03  6.746931e-03  6.527793e-03  6.439237e-03  6.790594e-03 
Tetras: 16344594
8100.000000 -4.582654e-02  0.000000e+00  0.000000e+00  0.000000e+00  0.000000e+00  0.000000e+00  0.000000e+00  0.000000e+00  0.000000e+00  0.000000e+00  0.000000e+00 
Tetras: 16344594
9100.000000 -2.241761e-03  0.000000e+00  0.000000e+00  0.000000e+00  0.000000e+00  0.000000e+00  0.000000e+00  0.000000e+00  0.000000e+00  0.000000e+00  0.000000e+00 
Tetras: 16344594
10100.000000 0.000000e+00  0.000000e+00  0.000000e+00  0.000000e+00  0.000000e+00  0.000000e+00  0.000000e+00  0.000000e+00  0.000000e+00  0.000000e+00  0.000000e+00 
Tetras: 16344594
11100.000000 0.000000e+00  0.000000e+00  0.000000e+00  0.000000e+00  0.000000e+00  0.000000e+00  0.000000e+00  0.000000e+00  0.000000e+00  0.000000e+00  0.000000e+00 
Tetras: 16344594
12100.000000 0.000000e+00  0.000000e+00  0.000000e+00  0.000000e+00  0.000000e+00  0.000000e+00  0.000000e+00  0.000000e+00  0.000000e+00  0.000000e+00  0.000000e+00 
Tetras: 16344594
13100.000000 0.000000e+00  0.000000e+00  0.000000e+00  0.000000e+00  0.000000e+00  0.000000e+00  0.000000e+00  0.000000e+00  0.000000e+00  0.000000e+00  0.000000e+00 
Tetras: 16344594
14100.000000 0.000000e+00  0.000000e+00  0.000000e+00  0.000000e+00  0.000000e+00  0.000000e+00  0.000000e+00  0.000000e+00  0.000000e+00  0.000000e+00  0.000000e+00 